6 0.230765 0.367273 0.275410 0.361309 0.337869 0.359818 0.389235 0.367273 0.413770 0.374691 0.404809 0.404400 0.400383 0.450436 0.409290 0.478655 0.416011 0.503891 0.378033 0.503891 0.324481 0.503891 0.266448 0.497927 0.228525 0.497927 0.197268 0.465273 0.203989 0.420727 0.215137 0.385091
6 0.416011 0.377673 0.462842 0.361309 0.525355 0.355382 0.578907 0.364291 0.590055 0.382109 0.603443 0.404400 0.605683 0.441527 0.605683 0.472691 0.601202 0.499418 0.585574 0.512800 0.532022 0.502400 0.480710 0.500909 0.429399 0.506836 0.409290 0.503891 0.400383 0.471200 0.409290 0.413309
6 0.605683 0.373200 0.665902 0.359818 0.739563 0.361309 0.777486 0.367273 0.802077 0.405855 0.802077 0.444473 0.784208 0.483091 0.775301 0.494982 0.730656 0.497927 0.677104 0.497927 0.607923 0.502400 0.610164 0.462291 0.612350 0.426655 0.614590 0.401418
6 0.610164 0.236582 0.636940 0.221745 0.692732 0.211345 0.752951 0.221745 0.784208 0.248473 0.797596 0.272218 0.788689 0.312327 0.775301 0.364291 0.730656 0.358364 0.677104 0.359818 0.612350 0.368727 0.592295 0.374691 0.587814 0.347964 0.596721 0.301927 0.601202 0.270727
6 0.420437 0.233600 0.445027 0.215782 0.514153 0.203891 0.569945 0.212800 0.607923 0.242509 0.601202 0.285600 0.583333 0.365782 0.540984 0.355382 0.498579 0.355382 0.456175 0.361309 0.433825 0.373200 0.420437 0.355382 0.418197 0.282618
6 0.247650 0.234400 0.304426 0.222473 0.373115 0.218473 0.423934 0.234400 0.420929 0.276145 0.420929 0.333782 0.420929 0.369564 0.370164 0.365600 0.319344 0.361600 0.259617 0.361600 0.217760 0.353673 0.196885 0.321855 0.211803 0.260218
6 0.422678 0.649418 0.465082 0.640509 0.534262 0.646436 0.585792 0.641818 0.587814 0.670218 0.592295 0.699891 0.596721 0.732582 0.587814 0.769709 0.554372 0.784545 0.507486 0.793455 0.440546 0.793455 0.409290 0.771200 0.409290 0.725164 0.411530 0.676145
6 0.228525 0.640509 0.270929 0.637527 0.324481 0.642000 0.371366 0.637527 0.404809 0.633091 0.418197 0.649418 0.409290 0.671673 0.407049 0.693964 0.404809 0.719200 0.402623 0.745927 0.402623 0.765236 0.395902 0.781564 0.351257 0.791964 0.302186 0.787527 0.255301 0.771200 0.228525 0.747418 0.203989 0.723673 0.203989 0.688036 0.210710 0.652400
6 0.594536 0.642000 0.630219 0.634545 0.686011 0.633091 0.737322 0.634545 0.764098 0.637527 0.779727 0.658327 0.786448 0.689527 0.784208 0.725164 0.773060 0.744473 0.752951 0.765236 0.710546 0.778618 0.677104 0.775636 0.654754 0.780109 0.654754 0.786036 0.625738 0.778618 0.596721 0.771200 0.594536 0.738509 0.601202 0.705855 0.592295 0.664255
6 0.596776 0.511309 0.621311 0.505382 0.665902 0.499418 0.715027 0.499418 0.770820 0.497927 0.797596 0.512800 0.802077 0.548436 0.799836 0.587055 0.784208 0.621200 0.764098 0.634545 0.721694 0.633091 0.645847 0.633091 0.598962 0.631600 0.603443 0.601891 0.607923 0.573673 0.605683 0.538036
6 0.409290 0.511309 0.436066 0.503891 0.469563 0.502400 0.509727 0.500909 0.561038 0.509818 0.598962 0.514291 0.605683 0.545455 0.605683 0.579600 0.601202 0.621200 0.587814 0.639018 0.545410 0.644945 0.491858 0.643491 0.451694 0.642000 0.409290 0.636036 0.400383 0.592982 0.398142 0.533600
6 0.235246 0.505382 0.315574 0.503891 0.398142 0.505382 0.400383 0.535055 0.400383 0.581091 0.409290 0.631600 0.340109 0.639018 0.284317 0.637527 0.230765 0.637527 0.210710 0.616727 0.192842 0.575164 0.203989 0.521709
