2 0.537778 0.149644 0.544889 0.123956 0.562044 0.093956 0.579200 0.068222 0.632044 0.065378 0.697733 0.082533 0.726311 0.085378 0.762000 0.095378 0.807733 0.112489 0.827733 0.141067 0.833422 0.179644 0.816311 0.216800 0.804889 0.233778 0.802000 0.253911 0.826311 0.296800 0.853422 0.321067 0.866311 0.351067 0.872000 0.406756 0.880578 0.445333 0.864889 0.449600 0.832000 0.403911 0.814889 0.376756 0.794889 0.348222 0.784889 0.341067 0.774889 0.369644 0.763467 0.382489 0.739156 0.392489 0.729156 0.355333 0.724889 0.329644 0.717733 0.299644 0.702044 0.268222 0.687733 0.245333 0.683467 0.229644 0.684889 0.202489 0.663467 0.193911 0.630622 0.178222 0.606311 0.178222 0.582044 0.178222 0.546311 0.172489
2 0.574889 0.703867 0.622044 0.698178 0.679156 0.706756 0.720578 0.718178 0.760578 0.725289 0.806311 0.736756 0.840578 0.743867 0.882000 0.742444 0.920578 0.756756 0.933422 0.801022 0.929156 0.829600 0.910578 0.845289 0.880578 0.849600 0.839156 0.851022 0.804889 0.856711 0.774889 0.872444 0.744889 0.895289 0.706311 0.916711 0.687733 0.939556 0.670578 0.958133 0.633467 0.951022 0.602044 0.941022 0.564889 0.928133 0.552044 0.905289 0.522044 0.873867 0.509200 0.833867 0.506311 0.801022 0.506311 0.769600 0.520622 0.743867 0.543467 0.721022
2 0.300622 0.912444 0.320622 0.895289 0.353467 0.881022 0.400622 0.876711 0.439200 0.882444 0.474889 0.896711 0.514889 0.928133 0.544889 0.948133 0.574889 0.975289 0.593733 1.000000 0.283511 1.000000 0.283511 0.975289 0.287778 0.941022
2 0.194933 0.666756 0.193511 0.631022 0.194933 0.595333 0.213511 0.566756 0.227778 0.543911 0.229200 0.528178 0.254933 0.512489 0.272089 0.511022 0.314933 0.512489 0.346356 0.521022 0.383467 0.531022 0.404933 0.556756 0.416356 0.588178 0.437778 0.603911 0.459200 0.622444 0.482044 0.655333 0.506311 0.688178 0.516311 0.721022 0.519200 0.743867 0.509200 0.766711 0.492044 0.783867 0.479200 0.795289 0.446356 0.802444 0.404933 0.808178 0.360622 0.812444 0.320622 0.813867 0.269200 0.813867 0.230622 0.802444 0.203511 0.783867 0.183511 0.772444 0.172089 0.739600 0.167778 0.716756 0.182089 0.692444
2 0.557733 0.393911 0.544889 0.351067 0.533467 0.316756 0.529200 0.281067 0.539200 0.245333 0.567733 0.221067 0.594889 0.208222 0.620622 0.199644 0.660444 0.220889 0.690578 0.249644 0.706311 0.276800 0.717733 0.303911 0.726311 0.339644 0.733467 0.381067 0.732044 0.423911 0.723467 0.462489 0.716311 0.511022 0.713467 0.541022 0.719156 0.568178 0.739156 0.599600 0.739156 0.625333 0.726311 0.639600 0.706311 0.646756 0.686311 0.655333 0.659156 0.658178 0.640622 0.646756 0.626311 0.618178 0.610622 0.589600 0.603467 0.556756 0.602044 0.542489 0.619156 0.525333 0.616311 0.498178 0.593467 0.468178 0.579200 0.438178
2 0.246356 0.282489 0.267778 0.265333 0.297778 0.238222 0.314933 0.226800 0.336356 0.212489 0.362044 0.193911 0.373467 0.181067 0.397778 0.173956 0.423467 0.175378 0.444889 0.183911 0.479200 0.191067 0.493467 0.206800 0.519200 0.251067 0.520622 0.266800 0.522044 0.286800 0.503467 0.296800 0.490622 0.323911 0.479200 0.342489 0.486311 0.363911 0.487778 0.395333 0.474889 0.432489 0.463467 0.461067 0.450622 0.478178 0.422044 0.492489 0.370622 0.498178 0.340622 0.498178 0.279200 0.498178 0.253511 0.498178 0.220622 0.485333 0.190667 0.475333 0.167778 0.459600 0.159200 0.425333 0.159200 0.395333 0.177778 0.362489 0.199200 0.339644 0.217778 0.329644 0.226356 0.311067
2 0.209200 0.233911 0.243511 0.216800 0.284933 0.203911 0.317778 0.188222 0.359200 0.186800 0.382044 0.179644 0.414889 0.171067 0.442044 0.169644 0.469200 0.159644 0.493467 0.152489 0.523467 0.129644 0.534889 0.096800 0.543467 0.065378 0.547733 0.049644 0.542044 0.026800 0.530400 0.000000 0.396667 0.000000 0.366356 0.021111 0.342044 0.038222 0.326356 0.063956 0.317778 0.075378 0.302044 0.076800 0.290622 0.092533 0.266356 0.099644 0.239200 0.108222 0.229200 0.118222 0.206356 0.115378 0.184933 0.122489 0.159200 0.136800 0.142089 0.148222 0.142089 0.173956 0.153511 0.202489 0.177778 0.225378
2 0.486311 0.358222 0.500622 0.373911 0.522044 0.392489 0.556311 0.421067 0.579200 0.446756 0.603467 0.478178 0.616311 0.496756 0.617733 0.518178 0.606311 0.535333 0.602044 0.542489 0.604889 0.565333 0.613467 0.591022 0.619156 0.622444 0.629156 0.646756 0.632044 0.658178 0.599200 0.666756 0.582044 0.672444 0.560622 0.685333 0.519200 0.678178 0.503467 0.649600 0.483467 0.588178 0.484889 0.543911 0.483467 0.512489 0.472044 0.495333 0.456356 0.472489 0.473467 0.449600 0.477778 0.425333 0.490622 0.398178
2 0.833422 0.183911 0.853422 0.189644 0.880578 0.201067 0.900578 0.223911 0.922000 0.251067 0.947733 0.279644 0.962000 0.298222 0.972000 0.326756 0.974844 0.356756 0.962000 0.401067 0.939156 0.426756 0.937733 0.435333 0.937733 0.458178 0.937733 0.482489 0.943422 0.506756 0.922000 0.529600 0.900578 0.536756 0.873422 0.548178 0.842000 0.552489 0.824889 0.553911 0.807733 0.555333 0.777733 0.513911 0.766311 0.505333 0.749156 0.475333 0.730578 0.453911 0.733467 0.411067 0.737733 0.395333 0.763467 0.383911 0.779156 0.365333 0.784889 0.340889 0.800578 0.359644 0.820578 0.383911 0.834889 0.405333 0.850578 0.433911 0.866311 0.446756 0.880578 0.449600 0.883422 0.431067 0.874844 0.402489 0.870578 0.366756 0.862000 0.341067 0.854889 0.325333 0.843422 0.309644 0.827733 0.291067 0.813422 0.269644 0.802000 0.252489 0.800578 0.235378 0.822222 0.208000
2 0.197778 0.789600 0.222089 0.831022 0.230622 0.886711 0.227778 0.941022 0.216356 0.970978 0.205911 1.000000 0.131822 1.000000 0.140667 0.985289 0.150667 0.951022 0.150667 0.926711 0.144933 0.896711 0.123511 0.876711 0.086356 0.852444 0.076356 0.828178 0.067822 0.799600 0.073511 0.759600 0.082089 0.742444 0.102089 0.718178 0.122089 0.703867 0.137778 0.691022 0.149200 0.661022 0.169200 0.643867 0.192089 0.635333 0.192089 0.662444 0.182089 0.682444 0.172089 0.703867 0.167778 0.718178 0.170667 0.741022 0.186356 0.768178
2 0.102089 0.605333 0.106356 0.588178 0.096356 0.572444 0.073511 0.559600 0.077778 0.528178 0.069244 0.505333 0.060667 0.481067 0.042089 0.466756 0.032089 0.442489 0.037822 0.405333 0.059244 0.368222 0.096356 0.336756 0.127778 0.318222 0.154933 0.328222 0.176356 0.353911 0.162089 0.382489 0.154933 0.399644 0.157778 0.423911 0.169200 0.455333 0.187778 0.473911 0.214933 0.481067 0.234933 0.488178 0.236356 0.508178 0.229200 0.526756 0.227778 0.538178 0.223511 0.559600 0.209200 0.576756 0.194933 0.593911 0.190667 0.605333 0.192089 0.625333 0.182089 0.642444 0.162089 0.648178 0.146356 0.658178 0.140667 0.679600 0.134933 0.692444 0.119244 0.705289 0.107778 0.713867 0.109244 0.686756 0.110667 0.648178 0.109244 0.629600
