2 0.649156 0.632444 0.666311 0.629600 0.682044 0.631022 0.703467 0.636756 0.723467 0.656756 0.740578 0.665333 0.773467 0.682444 0.757733 0.702444 0.734889 0.713867 0.719156 0.739600 0.699156 0.753867 0.680578 0.766711 0.646311 0.749600 0.614889 0.738178 0.607733 0.721022 0.612044 0.693867 0.620622 0.682444 0.640622 0.685333 0.646311 0.673867 0.642044 0.648178
2 0.412044 0.805289 0.430622 0.836711 0.453467 0.866711 0.476311 0.882444 0.510622 0.882444 0.543467 0.862444 0.569200 0.825289 0.584889 0.805289 0.572044 0.769600 0.536311 0.749600 0.502044 0.749600 0.457778 0.761022 0.427778 0.778178
2 0.350622 0.661022 0.366356 0.675333 0.392044 0.679600 0.422044 0.696756 0.432044 0.729600 0.427778 0.755289 0.412044 0.785289 0.396356 0.812444 0.363467 0.819600 0.334933 0.799600 0.307778 0.766711 0.294933 0.733867 0.304933 0.712444 0.333511 0.678178
2 0.259200 0.586756 0.284933 0.611022 0.313511 0.638178 0.329200 0.666756 0.322044 0.686756 0.302044 0.713867 0.290622 0.729600 0.276356 0.736756 0.237778 0.732444 0.192089 0.719600 0.160667 0.705289 0.130667 0.701022 0.142089 0.675333 0.166356 0.626756 0.176356 0.595333 0.207778 0.578178 0.229200 0.578178
2 0.119244 0.458178 0.093511 0.423911 0.094933 0.396756 0.110667 0.381067 0.136356 0.356756 0.157778 0.358222 0.157778 0.381067 0.184933 0.386756 0.217778 0.378178 0.232089 0.392489 0.240622 0.412489 0.242089 0.445333 0.234933 0.472489 0.224933 0.491067 0.214933 0.505333 0.202089 0.542489 0.166356 0.523911 0.149200 0.498178 0.134933 0.483911
2 0.279200 0.386756 0.306356 0.393911 0.337778 0.385333 0.374933 0.372489 0.409200 0.365333 0.416356 0.349644 0.416356 0.316756 0.413467 0.295333 0.394933 0.288222 0.380622 0.281067 0.362044 0.268222 0.343467 0.266800 0.319200 0.266800 0.290622 0.272489 0.270622 0.286800 0.252089 0.311067 0.244933 0.343911 0.256356 0.375333
2 0.332044 0.263911 0.309200 0.246800 0.296356 0.236800 0.283511 0.216800 0.283511 0.199644 0.302044 0.186800 0.339111 0.180889 0.376444 0.176889 0.413333 0.196889 0.452000 0.216889 0.475111 0.233778 0.484889 0.248222 0.489200 0.272489 0.493467 0.303911 0.476311 0.305333 0.444889 0.305333 0.419200 0.295333 0.399200 0.288222 0.376356 0.278222 0.359200 0.266800
2 0.579200 0.255378 0.612044 0.239644 0.660622 0.213911 0.684889 0.195378 0.714889 0.176800 0.710578 0.152489 0.680578 0.119644 0.654889 0.103956 0.614889 0.099644 0.580622 0.106800 0.533467 0.126800 0.504889 0.146800 0.490622 0.161067 0.489200 0.195378 0.489200 0.222489 0.512044 0.235378 0.543467 0.245333 0.554889 0.258222
2 0.662044 0.253911 0.673467 0.236800 0.703467 0.222489 0.729156 0.211067 0.763467 0.209644 0.786311 0.213911 0.804889 0.256800 0.813422 0.293911 0.812000 0.325333 0.803422 0.358222 0.780578 0.382489 0.742000 0.388178 0.703467 0.379644 0.666311 0.351067 0.662044 0.319644 0.639156 0.296800 0.637733 0.278222 0.649156 0.263911
2 0.709156 0.499600 0.742000 0.505333 0.777733 0.523911 0.790578 0.546756 0.817733 0.586756 0.827733 0.608178 0.823422 0.633911 0.812000 0.649600 0.793467 0.668178 0.772000 0.675333 0.736311 0.663867 0.707733 0.639600 0.689156 0.622444 0.683467 0.609600 0.663467 0.592444 0.659156 0.563911 0.660622 0.545333 0.639156 0.532489 0.642044 0.513911 0.657733 0.506756 0.687733 0.509600
2 0.592044 0.546756 0.626311 0.549600 0.653467 0.572444 0.654889 0.601022 0.647733 0.633911 0.643467 0.655333 0.644889 0.679600 0.634889 0.686756 0.606311 0.673867 0.594889 0.655333 0.589200 0.633911 0.569200 0.616756 0.560622 0.598178 0.572044 0.585333 0.562044 0.572444 0.577733 0.552489
2 0.566311 0.609600 0.577733 0.635333 0.583467 0.658178 0.582044 0.696756 0.576311 0.712444 0.560622 0.731022 0.537733 0.736756 0.483467 0.718178 0.457778 0.708178 0.434889 0.696756 0.436356 0.671022 0.447778 0.638178 0.442044 0.616756 0.453467 0.605333 0.486311 0.593911 0.519200 0.593911
