2 0.118852 0.265345 0.133880 0.246764 0.148907 0.229636 0.136011 0.212509 0.101694 0.192509 0.065191 0.173927 0.020109 0.148218 0.020109 0.113927 0.022240 0.086800 0.041585 0.079636 0.067322 0.069636 0.105956 0.066800 0.138142 0.068218 0.178962 0.071091 0.228306 0.073927 0.256230 0.072509 0.290546 0.049673 0.316339 0.043927 0.370000 0.036800 0.421530 0.043927 0.479454 0.056800 0.530984 0.085382 0.576066 0.122509 0.593224 0.159636 0.618962 0.163927 0.638306 0.176800 0.642623 0.213927 0.636175 0.243927 0.618962 0.273927 0.616831 0.293927 0.588907 0.286764 0.561038 0.279636 0.535246 0.286764 0.524536 0.302473 0.503060 0.325345 0.496612 0.333927 0.498798 0.351055 0.488033 0.375345 0.475191 0.402473 0.449399 0.429636 0.419344 0.449600 0.380710 0.466764 0.337814 0.472473 0.286284 0.466764 0.247650 0.452473 0.206831 0.432473 0.174645 0.418182 0.142459 0.401055 0.142459 0.369636 0.142459 0.348182 0.129563 0.322473 0.123115 0.286764
2 0.668361 0.168218 0.668361 0.141091 0.713443 0.125345 0.762787 0.122509 0.827213 0.152509 0.876557 0.171091 0.917377 0.189636 0.958142 0.202509 1.000000 0.205273 1.000000 0.323491 0.975301 0.328218 0.949563 0.326764 0.940984 0.346764 0.915191 0.356764 0.870109 0.368182 0.829344 0.359636 0.792842 0.345345 0.767104 0.332473 0.737049 0.322473 0.704863 0.312473 0.666230 0.293927 0.651202 0.281055 0.636175 0.249636 0.640437 0.223927 0.655464 0.199636
2 0.618962 0.296764 0.638306 0.296764 0.661913 0.298218 0.691967 0.305345 0.722022 0.316764 0.758525 0.332473 0.784262 0.345345 0.795027 0.362473 0.795027 0.389636 0.795027 0.415345 0.790710 0.432473 0.780000 0.449600 0.756339 0.478182 0.726339 0.499600 0.676940 0.515309 0.659781 0.521055 0.623279 0.522473 0.586776 0.522473 0.550273 0.516764 0.513825 0.515309 0.479454 0.505309 0.453716 0.492473 0.436503 0.468182 0.434372 0.445345 0.432240 0.435345 0.460164 0.411055 0.483770 0.386764 0.492350 0.363927 0.505246 0.341055 0.509508 0.323927 0.520219 0.306764 0.533115 0.293927 0.573934 0.289636
2 0.640437 0.656727 0.741366 0.639600 0.805738 0.628182 0.799290 0.666727 0.775683 0.701018 0.782131 0.722436 0.767104 0.763891 0.745628 0.788145 0.685519 0.816727 0.633989 0.799600 0.597541 0.773855 0.571749 0.756727 0.556721 0.718145 0.563169 0.692436 0.591093 0.671018
2 0.739180 0.495309 0.732732 0.525309 0.732732 0.553891 0.743497 0.585309 0.777814 0.601018 0.827213 0.609600 0.870109 0.616727 0.915191 0.608182 0.932404 0.585309 0.930219 0.558182 0.928087 0.523891 0.940984 0.492473 0.964590 0.472473 0.962459 0.436764 0.956011 0.401055 0.940984 0.378182 0.913060 0.362473 0.893770 0.359636 0.855082 0.372473 0.818634 0.391055 0.792842 0.419636 0.784262 0.446764 0.762787 0.471055
2 0.816230 0.000000 0.792842 0.008218 0.769235 0.041091 0.764973 0.069636 0.790710 0.109636 0.812186 0.136800 0.842240 0.158218 0.898033 0.171091 0.936667 0.171091 0.988197 0.169636 1.000000 0.168655 1.000000 0.000000
2 0.078033 0.915273 0.110273 0.905273 0.174645 0.903855 0.191803 0.921018 0.236885 0.943855 0.288415 0.970982 0.312022 0.988145 0.340055 1.000000 0.014426 1.000000 0.024372 0.989564 0.037268 0.972436 0.041585 0.958145 0.058743 0.929564
2 0.781093 0.000000 0.758525 0.019673 0.719891 0.055382 0.672623 0.092509 0.664044 0.112509 0.627596 0.121091 0.578197 0.119636 0.550273 0.093927 0.518087 0.073927 0.479454 0.058218 0.449399 0.041091 0.427923 0.021091 0.396230 0.000000
2 0.394590 1.000000 0.395738 0.992436 0.419344 0.975273 0.473005 0.965273 0.511639 0.955273 0.569617 0.943855 0.616831 0.932436 0.683388 0.929564 0.726339 0.940982 0.780000 0.955273 0.848689 0.982436 0.890164 1.000000
2 0.571749 0.519600 0.599672 0.551055 0.627596 0.586764 0.618962 0.623891 0.582514 0.658182 0.526667 0.705309 0.483770 0.715309 0.410765 0.715309 0.352787 0.702436 0.327049 0.678182 0.301311 0.641018 0.277705 0.602473 0.256230 0.566764 0.247650 0.528182 0.284098 0.511055 0.370000 0.502473 0.438689 0.502473 0.483770 0.509600 0.524536 0.516764
2 0.254098 0.703891 0.290546 0.692436 0.337814 0.691018 0.359235 0.703891 0.406503 0.716727 0.460164 0.719600 0.507377 0.718145 0.528852 0.728145 0.558907 0.743891 0.601803 0.769600 0.642623 0.802436 0.640437 0.828145 0.649016 0.862436 0.644754 0.888145 0.640437 0.905273 0.612568 0.921018 0.573934 0.938145 0.550273 0.945273 0.518087 0.940982 0.488033 0.929564 0.479454 0.942436 0.464426 0.952436 0.425792 0.962436 0.397869 0.958145 0.372131 0.962436 0.348525 0.972436 0.320601 0.980982 0.286284 0.973855 0.271257 0.960982 0.256230 0.946727 0.245464 0.922436 0.256230 0.903855 0.256230 0.885273 0.234754 0.863855 0.251913 0.839564 0.245464 0.818145 0.230437 0.795309 0.215410 0.771018 0.221858 0.743891 0.228306 0.725309
2 0.919508 0.771018 0.883005 0.752436 0.850820 0.738145 0.825082 0.716727 0.827213 0.692436 0.840055 0.673891 0.855082 0.656727 0.848689 0.633891 0.874426 0.622473 0.910929 0.608182 0.951694 0.601018 1.000000 0.596582 1.000000 0.981564 0.951694 0.973855 0.893770 0.966727 0.844372 0.953855 0.801421 0.939564 0.745628 0.929564 0.704863 0.915273 0.687650 0.889564 0.681257 0.862436 0.704863 0.839564 0.728470 0.809600 0.762787 0.788145 0.812186 0.775309 0.867978 0.775309
2 0.000000 0.274727 0.024372 0.278218 0.078033 0.296764 0.118852 0.311055 0.138142 0.345345 0.140328 0.376764 0.148907 0.408182 0.157486 0.431055 0.166066 0.455345 0.196120 0.491055 0.209016 0.521055 0.226175 0.553891 0.215410 0.578182 0.209016 0.599600 0.213279 0.628182 0.241202 0.665309 0.241202 0.696727 0.241202 0.712436 0.224044 0.729600 0.215410 0.751018 0.198251 0.775309 0.174645 0.793855 0.148907 0.806727 0.116667 0.802436 0.101694 0.802436 0.099508 0.822436 0.103825 0.846727 0.088798 0.868145 0.075902 0.882436 0.045847 0.888145 0.005082 0.888145 0.000000 0.597927
