0 0.045847 0.409636 0.020109 0.379636 0.024372 0.343927 0.052295 0.296764 0.073770 0.271055 0.108087 0.239636 0.157486 0.226800 0.193989 0.219636 0.249781 0.232509 0.273388 0.246764 0.288415 0.289636 0.288415 0.316764 0.269071 0.352473 0.258361 0.385345 0.228306 0.408182 0.204699 0.435345 0.153169 0.448182 0.120984 0.442473 0.073770 0.431055
0 0.636175 0.396764 0.685519 0.418182 0.728470 0.431055 0.764973 0.459600 0.797158 0.495345 0.797158 0.532473 0.784262 0.565309 0.743497 0.591018 0.696284 0.603891 0.629727 0.603891 0.563169 0.568182 0.530984 0.533891 0.515956 0.525309 0.500929 0.486764 0.498798 0.452473 0.537432 0.415345 0.567486 0.398182
0 0.533115 0.299636 0.533115 0.338182 0.571749 0.371055 0.633989 0.388182 0.737049 0.362473 0.767104 0.323927 0.784262 0.266764 0.769235 0.213927 0.732732 0.179636 0.685519 0.156800 0.640437 0.165345 0.588907 0.183927 0.567486 0.202509 0.543880 0.255345
0 0.788579 0.302473 0.810055 0.289636 0.852951 0.278218 0.900164 0.273927 0.951694 0.288218 0.986066 0.326764 0.992459 0.372473 0.975301 0.419636 0.932404 0.459600 0.855082 0.486764 0.822896 0.492473 0.782131 0.479600 0.752077 0.451055 0.717705 0.426764 0.711311 0.402473 0.719891 0.371055 0.756339 0.342473
0 0.831475 0.503891 0.870109 0.492473 0.938798 0.489600 0.983880 0.502473 1.000000 0.515127 1.000000 0.664000 0.958142 0.683891 0.900164 0.693891 0.848689 0.691018 0.810055 0.672436 0.775683 0.643891 0.764973 0.612473 0.764973 0.586764 0.790710 0.545309 0.799290 0.522473
0 0.704863 0.611018 0.743497 0.631018 0.784262 0.652473 0.829344 0.682436 0.855082 0.709600 0.855082 0.742436 0.840055 0.772436 0.810055 0.788145 0.777814 0.805309 0.756339 0.823855 0.694098 0.828145 0.640437 0.801018 0.601803 0.772436 0.578197 0.721018 0.576066 0.689600 0.578197 0.659600 0.595355 0.632473 0.616831 0.619600 0.661913 0.609600
0 0.528852 0.706727 0.571749 0.725309 0.597541 0.753891 0.612568 0.786727 0.638306 0.802436 0.638306 0.842436 0.621148 0.861018 0.593224 0.885273 0.550273 0.899564 0.507377 0.905273 0.430109 0.895273 0.393607 0.872436 0.385027 0.835309 0.385027 0.812436 0.391475 0.773855 0.397869 0.748145 0.421530 0.719600 0.466557 0.706727 0.496612 0.703891
0 0.193989 0.651018 0.247650 0.659600 0.303443 0.675309 0.359235 0.703891 0.389290 0.723891 0.391475 0.758145 0.382842 0.806727 0.359235 0.832436 0.296995 0.845309 0.232623 0.845309 0.153169 0.819600 0.108087 0.776727 0.086667 0.746727 0.084481 0.711018 0.082350 0.685309 0.118852 0.666727
0 0.228306 0.628182 0.239071 0.599600 0.269071 0.571018 0.322787 0.546764 0.382842 0.531055 0.427923 0.528182 0.496612 0.532473 0.539563 0.551055 0.565301 0.571018 0.582514 0.601018 0.584645 0.629600 0.569617 0.666727 0.515956 0.688182 0.466557 0.705309 0.402186 0.705309 0.350656 0.701018 0.309891 0.678182 0.269071 0.662436 0.226175 0.649600
0 0.000000 0.622291 0.024372 0.641018 0.078033 0.656727 0.120984 0.659600 0.163934 0.655309 0.202568 0.635309 0.228306 0.608182 0.243333 0.578182 0.234754 0.543891 0.211148 0.505309 0.176776 0.482473 0.131694 0.455345 0.084481 0.438182 0.032951 0.438182 0.000000 0.443345
0 0.204699 0.448182 0.213279 0.423891 0.241202 0.393891 0.269071 0.376764 0.299126 0.361055 0.339945 0.351055 0.385027 0.349636 0.410765 0.351055 0.442951 0.352473 0.481585 0.373927 0.505246 0.403891 0.505246 0.429636 0.485902 0.459600 0.470874 0.483891 0.440820 0.511055 0.389290 0.528182 0.342077 0.539600 0.309891 0.551055 0.260492 0.541055 0.219727 0.521055 0.198251 0.489600
0 0.288415 0.258218 0.303443 0.222509 0.333497 0.186800 0.361421 0.159636 0.419344 0.136800 0.462295 0.133927 0.500929 0.142509 0.541694 0.169636 0.552459 0.199636 0.550273 0.226800 0.537432 0.261055 0.528852 0.283927 0.513825 0.311055 0.498798 0.329636 0.462295 0.352473 0.427923 0.351055 0.374262 0.351055 0.337814 0.346764 0.316339 0.335345 0.292732 0.315345 0.281967 0.285345
