8 0.534794 0.222432 0.582474 0.218147 0.651134 0.215290 0.715928 0.212432 0.738814 0.215290 0.736907 0.261004 0.725464 0.296718 0.708351 0.313861 0.658763 0.318147 0.641598 0.326718 0.647320 0.353861 0.637784 0.383861 0.616804 0.399575 0.542423 0.399575 0.490928 0.379575 0.460412 0.358147 0.452784 0.331004 0.460412 0.295290 0.481392 0.263861 0.511907 0.239575
8 0.117165 0.253861 0.149588 0.252432 0.183866 0.275290 0.181959 0.306718 0.168660 0.322432 0.181959 0.358147 0.199124 0.353861 0.216289 0.316718 0.235361 0.291004 0.275412 0.282432 0.311649 0.283861 0.353608 0.295290 0.365052 0.359575 0.340258 0.388147 0.319278 0.406718 0.296392 0.422432 0.279227 0.443861 0.267784 0.466718 0.248711 0.472432 0.199124 0.473861 0.136237 0.461004 0.088557 0.438147 0.052320 0.401004 0.038969 0.371004 0.040876 0.328147 0.052320 0.301004 0.075206 0.273861
8 0.374588 0.351004 0.410825 0.351004 0.445155 0.355290 0.479485 0.378147 0.510000 0.392432 0.540515 0.409575 0.542423 0.435290 0.544330 0.465290 0.546237 0.491004 0.546237 0.509575 0.517629 0.519575 0.502371 0.521004 0.496649 0.539575 0.487113 0.552432 0.479485 0.563861 0.431804 0.558147 0.391753 0.549575 0.368866 0.551004 0.315464 0.542432 0.277320 0.515290 0.263969 0.489575 0.271598 0.453861 0.290670 0.429575 0.326907 0.401004 0.349794 0.378147
8 0.574845 0.498147 0.607268 0.483861 0.637784 0.465290 0.668299 0.466718 0.702629 0.475290 0.736907 0.498147 0.744536 0.516718 0.757887 0.528147 0.776959 0.543861 0.790309 0.569575 0.797938 0.588108 0.792216 0.603822 0.744536 0.626680 0.704536 0.646680 0.654948 0.663822 0.626340 0.668108 0.563402 0.655251 0.530979 0.636680 0.513814 0.609537 0.511907 0.576680 0.519536 0.542432 0.546237 0.513861
8 0.281134 0.573822 0.302113 0.551004 0.321186 0.542432 0.366959 0.549575 0.403196 0.552432 0.458505 0.561004 0.483299 0.566718 0.510000 0.590965 0.521443 0.619537 0.523351 0.639537 0.510000 0.655251 0.502371 0.680965 0.494742 0.700965 0.479485 0.713822 0.448969 0.713822 0.416546 0.708108 0.384124 0.708108 0.351701 0.718108 0.325000 0.719537 0.304021 0.712394 0.279227 0.699537 0.254433 0.678108 0.265876 0.650965 0.256340 0.632394 0.252526 0.612394 0.265876 0.595251
8 0.555773 0.652394 0.580567 0.676680 0.616804 0.708108 0.651134 0.726680 0.700722 0.782394 0.717835 0.822394 0.725464 0.872394 0.704536 0.915251 0.643505 0.956680 0.578660 0.955251 0.523351 0.922394 0.508093 0.903822 0.550052 0.878108 0.584381 0.852394 0.607268 0.842394 0.635876 0.836680 0.681649 0.823822 0.679742 0.813822 0.647320 0.805251 0.611082 0.796680 0.586289 0.785251 0.565309 0.755251 0.555773 0.725251 0.538608 0.700965 0.515722 0.698108 0.510000 0.685251 0.510000 0.660965 0.523351 0.649537
8 0.195309 0.693822 0.223918 0.686680 0.260155 0.698108 0.302113 0.706680 0.330722 0.720965 0.302113 0.740965 0.273505 0.766680 0.265876 0.799537 0.267784 0.810965 0.252526 0.843822 0.258247 0.880965 0.263969 0.903822 0.254433 0.926680 0.212474 0.923822 0.162938 0.922394 0.119072 0.926680 0.084742 0.906680 0.063763 0.882394 0.075206 0.836680 0.094278 0.793822 0.115258 0.749537 0.145773 0.718108
8 0.309742 0.738108 0.332629 0.723822 0.374588 0.713822 0.407010 0.708108 0.447062 0.710965 0.485206 0.713822 0.513814 0.703822 0.534794 0.706680 0.557680 0.729537 0.565309 0.755251 0.572938 0.775251 0.565309 0.786680 0.603454 0.798108 0.639691 0.803822 0.672113 0.812394 0.679742 0.822394 0.653041 0.832394 0.609175 0.838108 0.565309 0.838108 0.521443 0.838108 0.508093 0.842394 0.458505 0.872394 0.416546 0.882394 0.374588 0.883822 0.307835 0.872394 0.265876 0.832394 0.273505 0.789537 0.279227 0.760965
8 0.630155 0.401004 0.719742 0.396718 0.763608 0.392432 0.826546 0.406718 0.864691 0.436718 0.874227 0.481004 0.864691 0.528147 0.837990 0.555290 0.784588 0.556718 0.754072 0.521004 0.742629 0.493861 0.725464 0.482432 0.679742 0.468147 0.616804 0.458147 0.565309 0.441004 0.555773 0.411004 0.569124 0.399575
8 0.755979 0.328147 0.767423 0.291004 0.776959 0.269575 0.805567 0.259575 0.881856 0.265290 0.923814 0.272432 0.977216 0.295290 0.988660 0.329575 0.986753 0.368147 0.969588 0.399575 0.946701 0.418147 0.937165 0.441004 0.933351 0.453861 0.910464 0.448147 0.881856 0.432432 0.853247 0.431004 0.826546 0.406718 0.796031 0.396718 0.767423 0.391004 0.750258 0.393861 0.752165 0.358147
8 0.933351 0.455290 0.952423 0.465290 0.982938 0.492432 1.000000 0.506255 1.000000 0.611931 0.975309 0.619537 0.935258 0.629537 0.889485 0.623822 0.862784 0.599537 0.843711 0.583822 0.818918 0.576680 0.817010 0.561004 0.845619 0.548147 0.870412 0.538147 0.874227 0.511004 0.879948 0.489575 0.879948 0.465290 0.868505 0.452432 0.866598 0.436718 0.889485 0.435290 0.908557 0.445290
8 0.803660 0.573822 0.830361 0.576680 0.860876 0.590965 0.874227 0.615251 0.885670 0.635251 0.906649 0.659537 0.920000 0.678108 0.925722 0.708108 0.914278 0.733822 0.900928 0.746680 0.885670 0.759537 0.866598 0.766680 0.828454 0.766680 0.786495 0.755251 0.752165 0.736680 0.738814 0.703822 0.736907 0.670965 0.754072 0.642394 0.757887 0.623822 0.786495 0.606680 0.799845 0.588108
8 0.284948 0.173900 0.296392 0.132471 0.305928 0.109614 0.340258 0.078185 0.382216 0.055328 0.422268 0.053900 0.424175 0.032471 0.450876 0.025328 0.504278 0.033900 0.521443 0.046757 0.532887 0.099614 0.530979 0.143900 0.525258 0.193861 0.523351 0.223861 0.496649 0.249575 0.479485 0.272432 0.447062 0.293861 0.397474 0.291004 0.345979 0.273861 0.300206 0.255290 0.281134 0.203861
