8 0.837039 0.428852 0.889515 0.410287 0.931796 0.413156 0.979175 0.431721 0.985922 0.453156 0.987621 0.473115 0.984223 0.491721 1.000000 0.502582 1.000000 0.537049 0.999466 0.543115 0.980874 0.561680 0.918252 0.560287 0.870874 0.555984 0.835340 0.527418 0.828592 0.485984 0.825194 0.447418
8 0.219466 0.168893 0.238107 0.138893 0.276990 0.118893 0.324369 0.123156 0.363301 0.148893 0.368398 0.180287 0.361602 0.214590 0.348058 0.243156 0.305777 0.246025 0.265146 0.237459 0.214417 0.241721 0.204272 0.210287
8 0.408981 0.001762 0.395437 0.020328 0.390388 0.064590 0.398835 0.100328 0.444515 0.117459 0.495291 0.120328 0.530583 0.088934 0.524029 0.054590 0.502039 0.033156 0.515583 0.027459 0.556165 0.016025 0.581942 0.000000 0.463883 0.000000
8 0.393738 0.154590 0.419126 0.137459 0.468204 0.143156 0.508786 0.154590 0.529126 0.173156 0.522330 0.196025 0.503738 0.201721 0.490194 0.218852 0.480049 0.251721 0.434369 0.268852 0.398835 0.257459 0.368398 0.226025 0.363301 0.198893 0.373447 0.167459
8 0.442816 0.297418 0.485097 0.266025 0.513883 0.254590 0.530825 0.261721 0.520631 0.286025 0.513883 0.298852 0.534175 0.321721 0.546019 0.348852 0.546019 0.368852 0.525728 0.394549 0.512184 0.407418 0.456359 0.411721 0.429272 0.397418 0.412379 0.371721 0.414078 0.333156 0.420825 0.313156
8 0.564660 0.348852 0.596796 0.330287 0.637379 0.353156 0.654320 0.391721 0.652621 0.404549 0.661068 0.411721 0.686456 0.398852 0.716893 0.394549 0.728738 0.417418 0.720291 0.441721 0.667864 0.474549 0.637379 0.483115 0.590000 0.473115 0.551117 0.455984 0.530825 0.427418 0.537573 0.394549
8 0.804903 0.601680 0.853981 0.603115 0.906408 0.625984 0.933495 0.654549 0.945340 0.687418 0.943641 0.714549 0.918252 0.715984 0.908107 0.683115 0.877670 0.684549 0.847184 0.717377 0.826893 0.727377 0.787961 0.718811 0.752427 0.687418 0.750777 0.643115 0.772767 0.608852
8 0.649223 0.488852 0.650971 0.530328 0.669563 0.560287 0.711845 0.590246 0.757524 0.590246 0.808301 0.580246 0.825194 0.540287 0.818447 0.488852 0.803204 0.465984 0.782913 0.458852 0.755825 0.451721 0.745680 0.455984 0.713544 0.445984 0.678010 0.468852
8 0.603544 0.593115 0.627233 0.614549 0.639078 0.653115 0.640777 0.677418 0.632330 0.695984 0.610340 0.714549 0.573107 0.718811 0.517282 0.711680 0.491893 0.694549 0.480049 0.660246 0.476650 0.638811 0.476650 0.620246 0.464806 0.611680 0.496942 0.604549 0.539272 0.597418 0.571408 0.597418
8 0.466505 0.548852 0.476650 0.570287 0.505437 0.585984 0.547718 0.595984 0.581553 0.588852 0.615388 0.567418 0.622184 0.541680 0.627233 0.511721 0.615388 0.485984 0.586650 0.480287 0.561262 0.471721 0.540971 0.458852 0.532476 0.445984 0.498641 0.445984 0.476650 0.454549 0.493592 0.471721 0.474951 0.491721 0.468204 0.518852
8 0.688155 0.224590 0.715243 0.233156 0.743981 0.260287 0.762573 0.296025 0.754126 0.328852 0.728738 0.347418 0.705049 0.365984 0.686456 0.367418 0.654320 0.364590 0.634029 0.354590 0.613689 0.337418 0.601845 0.331721 0.593398 0.307418 0.573107 0.277418 0.581553 0.247459 0.615388 0.234590 0.634029 0.238852 0.628932 0.273156 0.657718 0.240287
8 0.178883 0.503115 0.217816 0.508852 0.253301 0.534549 0.285485 0.560287 0.290534 0.570287 0.270243 0.584549 0.248252 0.578852 0.233010 0.588852 0.224563 0.623115 0.204272 0.643115 0.172136 0.653115 0.129806 0.641680 0.089223 0.618852 0.077379 0.580246 0.087524 0.543115 0.121359 0.518852 0.153495 0.507418
8 0.129806 0.481721 0.158592 0.448852 0.172136 0.410287 0.175485 0.378852 0.168738 0.353156 0.150097 0.337418 0.095971 0.335984 0.070583 0.353156 0.045194 0.378852 0.030000 0.404549 0.041845 0.444549 0.072282 0.453156 0.087524 0.465984 0.072282 0.483115 0.085825 0.493115 0.106117 0.495984
8 0.238107 0.318852 0.292233 0.313156 0.321019 0.324590 0.331165 0.350287 0.331165 0.380287 0.363301 0.380287 0.376845 0.381721 0.375146 0.401721 0.343010 0.424549 0.278689 0.441721 0.244854 0.443156 0.197476 0.411721 0.183932 0.385984 0.185631 0.353156 0.209320 0.334590
8 0.278689 0.588852 0.299029 0.578852 0.341311 0.580246 0.371748 0.601680 0.380243 0.638811 0.376845 0.673115 0.361602 0.694549 0.339612 0.700246 0.312524 0.691680 0.288835 0.684549 0.280388 0.701680 0.268544 0.711680 0.236408 0.705984 0.233010 0.654549 0.238107 0.617418 0.251650 0.601680
8 0.263495 0.743115 0.282087 0.723115 0.304078 0.703115 0.334515 0.708811 0.337913 0.734549 0.332864 0.750246 0.356553 0.758811 0.398835 0.777377 0.402233 0.801680 0.392087 0.827377 0.366699 0.854508 0.346359 0.874508 0.292233 0.871680 0.255000 0.850246 0.234709 0.824508 0.236408 0.775943
8 0.661068 0.878811 0.691553 0.874508 0.740583 0.871680 0.776117 0.894508 0.776117 0.944508 0.765971 0.964508 0.727087 0.978811 0.691553 0.985943 0.657718 0.985943 0.630631 0.990246 0.615388 0.975943 0.615388 0.953074 0.608641 0.930246 0.615388 0.910246 0.628932 0.887377
8 0.483447 0.781680 0.515583 0.780246 0.561262 0.807377 0.576505 0.840246 0.571408 0.874508 0.557864 0.895943 0.527427 0.907377 0.483447 0.898811 0.439417 0.875943 0.429272 0.853115 0.444515 0.818811 0.463107 0.797377
