9 0.772022 0.161055 0.799945 0.158218 0.842896 0.186800 0.875082 0.201055 0.887923 0.221055 0.868634 0.242509 0.838579 0.275345 0.814973 0.292473 0.787049 0.303927 0.752732 0.289636 0.718361 0.255345 0.690492 0.238218 0.707650 0.213927 0.739836 0.178218
9 0.153825 0.191055 0.186011 0.149636 0.231093 0.156800 0.289071 0.171091 0.297650 0.188218 0.289071 0.218218 0.284754 0.226800 0.265464 0.255345 0.243989 0.275345 0.194590 0.263927 0.151694 0.246764 0.143115 0.218218
9 0.304098 0.233927 0.362022 0.236764 0.407104 0.242509 0.420000 0.268218 0.424317 0.305345 0.426448 0.345345 0.368470 0.349636 0.310546 0.348182 0.261148 0.335345 0.261148 0.301055 0.267596 0.269636 0.271913 0.246764 0.284754 0.233927
9 0.426448 0.133927 0.441475 0.108218 0.520874 0.106800 0.557377 0.102509 0.574536 0.109636 0.572404 0.139636 0.574536 0.179636 0.559508 0.209636 0.503716 0.216800 0.426448 0.221055 0.415683 0.183927 0.420000 0.159636
9 0.596011 0.115382 0.647541 0.121091 0.694754 0.121091 0.711913 0.121091 0.720492 0.145345 0.718361 0.183927 0.711913 0.209636 0.666831 0.216800 0.602459 0.212509 0.565956 0.203927 0.570273 0.159636 0.580984 0.125345
9 0.585301 0.208218 0.656120 0.223927 0.696885 0.236764 0.711913 0.263927 0.711913 0.286764 0.692623 0.309636 0.653989 0.342473 0.626066 0.348182 0.548798 0.331055 0.512295 0.316764 0.508033 0.289636 0.555246 0.242509
9 0.875082 0.286764 0.933005 0.268218 0.969508 0.269636 0.995301 0.281055 1.000000 0.294436 1.000000 0.376836 0.982404 0.385345 0.939454 0.388182 0.898689 0.383927 0.875082 0.358182 0.849290 0.319636 0.845027 0.301055
9 0.853607 0.355345 0.892240 0.368182 0.924426 0.389636 0.954481 0.398182 0.960929 0.416764 0.926612 0.451055 0.894372 0.469600 0.868634 0.485345 0.830000 0.498182 0.797814 0.473891 0.759180 0.446764 0.737705 0.421055 0.782787 0.393891 0.821421 0.369636
9 1.000000 0.441382 0.967377 0.445345 0.924426 0.446764 0.926612 0.473891 0.926612 0.499600 0.930874 0.532473 0.941639 0.552473 0.975956 0.552473 1.000000 0.549636
9 0.847158 0.593891 0.909399 0.588182 0.967377 0.588182 1.000000 0.592000 1.000000 0.702400 0.965246 0.701018 0.885792 0.696727 0.849290 0.696727 0.847158 0.663891 0.838579 0.636727 0.840710 0.616727
9 0.737705 0.596764 0.778470 0.623891 0.804208 0.639600 0.838579 0.659600 0.836448 0.676727 0.797814 0.703891 0.776339 0.721018 0.759180 0.733891 0.754863 0.738145 0.714098 0.716727 0.662568 0.686727 0.641093 0.668182 0.645410 0.641018 0.696885 0.613891
9 0.486557 0.778145 0.542350 0.775309 0.587432 0.775309 0.606776 0.792436 0.606776 0.829564 0.600328 0.861018 0.600328 0.881018 0.533770 0.882436 0.492896 0.881091 0.452186 0.881018 0.456503 0.841018 0.465082 0.805309
9 0.295519 0.729600 0.344863 0.758145 0.374918 0.783855 0.409290 0.789600 0.458634 0.758145 0.510164 0.736727 0.512295 0.716727 0.450055 0.682436 0.420219 0.661091 0.381366 0.673891 0.346995 0.689600 0.321257 0.706727
9 0.188197 0.733891 0.239672 0.733891 0.263279 0.746727 0.274044 0.772436 0.259016 0.816727 0.250437 0.839564 0.207486 0.841018 0.145246 0.829564 0.121639 0.815309 0.121639 0.761018 0.128087 0.736727 0.160273 0.728145
9 0.000000 0.558618 0.033607 0.563891 0.067978 0.568182 0.076557 0.613891 0.078689 0.651018 0.050820 0.668182 0.000000 0.662327
9 0.173169 0.562473 0.224645 0.568182 0.293333 0.566764 0.308361 0.579600 0.304098 0.633891 0.295519 0.671018 0.263279 0.686727 0.170984 0.681018 0.143115 0.665309 0.147377 0.618182 0.153825 0.581018
9 0.000000 0.436945 0.061530 0.438182 0.104481 0.439636 0.121639 0.476764 0.125902 0.512473 0.117322 0.529600 0.033607 0.529600 0.000000 0.530800
9 0.001421 0.313927 0.035792 0.299636 0.080820 0.315345 0.115191 0.363927 0.115191 0.381055 0.093716 0.393891 0.057213 0.406764 0.000000 0.435018 0.000000 0.330618
9 0.143115 0.356764 0.179563 0.341055 0.216066 0.343927 0.256885 0.372473 0.280492 0.398182 0.289071 0.416764 0.259016 0.439636 0.228962 0.459600 0.183880 0.471055 0.143115 0.441055 0.113060 0.413891 0.100164 0.392473 0.123770 0.373927
9 0.327705 0.408182 0.346995 0.409636 0.379235 0.426764 0.413552 0.449600 0.441475 0.461055 0.437158 0.488182 0.400656 0.512473 0.364208 0.538182 0.338415 0.542473 0.278306 0.503891 0.239672 0.471055 0.254699 0.442473 0.291202 0.419636
9 0.452186 0.431055 0.508033 0.416764 0.538087 0.405345 0.580984 0.396764 0.611038 0.431055 0.638962 0.462473 0.656120 0.485345 0.602459 0.502473 0.557377 0.523891 0.505847 0.533891 0.452186 0.485345 0.437158 0.455345
9 0.681858 0.468182 0.729126 0.465345 0.763443 0.465345 0.787049 0.473891 0.784918 0.513891 0.784918 0.545309 0.774208 0.581018 0.733388 0.585309 0.666831 0.579600 0.638962 0.568182 0.643224 0.518182 0.647541 0.489600 0.656120 0.473891
9 0.574536 0.542473 0.617486 0.559600 0.662568 0.579600 0.679727 0.595309 0.669016 0.621018 0.634645 0.649600 0.619617 0.661018 0.602459 0.676727 0.563825 0.662436 0.510164 0.641018 0.473661 0.625309 0.497268 0.589600 0.550929 0.558182
9 0.344863 0.562473 0.387814 0.533891 0.426448 0.529600 0.493005 0.551055 0.503716 0.583891 0.477978 0.619600 0.435027 0.649600 0.364208 0.639600 0.323388 0.619600 0.325574 0.582473
