7 0.000000 0.324426 0.016400 0.337486 0.028473 0.350710 0.049382 0.352350 0.066982 0.332514 0.084582 0.325902 0.102182 0.329235 0.138473 0.325902 0.167055 0.312678 0.181345 0.327596 0.195673 0.360601 0.194545 0.387049 0.187964 0.392022 0.192364 0.433333 0.202255 0.471366 0.215455 0.509344 0.225345 0.539126 0.223164 0.577158 0.218764 0.611858 0.192364 0.626721 0.195673 0.674645 0.186873 0.689508 0.168145 0.692842 0.153855 0.719290 0.140655 0.763880 0.113164 0.768852 0.095564 0.742404 0.074691 0.729180 0.040582 0.739126 0.027382 0.701093 0.000000 0.694973
7 -0.000000 0.695574 0.022982 0.702732 0.041673 0.737432 0.060364 0.730820 0.084582 0.730820 0.108764 0.758962 0.131855 0.762240 0.146182 0.745738 0.158255 0.714317 0.167055 0.692842 0.186873 0.709344 0.192364 0.730820 0.189055 0.765519 0.198945 0.798579 0.209964 0.821749 0.214364 0.854809 0.228655 0.879563 0.256145 0.896120 0.277055 0.906011 0.293527 0.915956 0.325418 0.972131 0.335927 1.000000 -0.000000 1.000000
7 0.242945 0.023443 0.253964 0.010219 0.269345 0.008579 0.271491 0.000000 0.543200 0.000000 0.533309 0.026776 0.526691 0.041639 0.546509 0.063115 0.560800 0.117650 0.564109 0.168907 0.568509 0.205246 0.574000 0.236667 0.558582 0.249891 0.541018 0.244918 0.537709 0.287923 0.532218 0.342459 0.532218 0.375519 0.517891 0.400273 0.508000 0.423443 0.492618 0.451530 0.475018 0.448197 0.455200 0.466393 0.455200 0.494481 0.436509 0.515956 0.409018 0.515956 0.385927 0.534153 0.359527 0.534153 0.346327 0.515956 0.311127 0.515956 0.259455 0.487869 0.224255 0.441585 0.214364 0.396995 0.226436 0.367213 0.245164 0.350710 0.260545 0.332514 0.239636 0.302787 0.235236 0.256503 0.237455 0.216831 0.252836 0.177158 0.257236 0.150710 0.240764 0.142459 0.231964 0.111038 0.234145 0.073060 0.237455 0.046612
7 0.278145 0.547377 0.288036 0.567213 0.278145 0.592022 0.263855 0.608525 0.259455 0.641585 0.240764 0.649836 0.227564 0.666393 0.216545 0.694481 0.198945 0.712678 0.190145 0.739126 0.192364 0.778743 0.205564 0.801913 0.215455 0.833333 0.216545 0.856448 0.230836 0.881257 0.251745 0.894481 0.275927 0.899399 0.293527 0.915956 0.319927 0.922568 0.337527 0.925847 0.354036 0.927541 0.358436 0.939071 0.360618 0.960546 0.360618 1.000000 0.428545 1.000000 0.442000 0.975464 0.454109 0.955628 0.455200 0.935792 0.455200 0.899399 0.451927 0.872951 0.459600 0.848197 0.467309 0.839945 0.456327 0.805191 0.457418 0.788689 0.460727 0.747377 0.472800 0.702732 0.483818 0.684536 0.499200 0.691148 0.510218 0.682896 0.514618 0.656448 0.504691 0.628361 0.476109 0.611858 0.437600 0.611858 0.406836 0.593661 0.383709 0.570546 0.371636 0.563934 0.341927 0.563934 0.322145 0.547377 0.300145 0.539126 0.291345 0.540765
7 0.555309 0.000328 0.568509 0.044973 0.579491 0.112732 0.586109 0.147432 0.603673 0.175519 0.630073 0.192022 0.638873 0.201967 0.626800 0.230055 0.634473 0.258142 0.642182 0.264754 0.671891 0.263115 0.694982 0.248251 0.709273 0.263115 0.730182 0.264754 0.757673 0.271366 0.769782 0.266393 0.781855 0.236667 0.788473 0.236667 0.818145 0.243279 0.847855 0.221803 0.856655 0.190383 0.854436 0.157322 0.844545 0.147432 0.863236 0.112732 0.878655 0.073060 0.883055 0.035027 0.890218 0.000000 0.568545 0.000000
7 0.921527 0.000328 0.913855 0.026776 0.891855 0.081311 0.877564 0.109399 0.867636 0.172186 0.863236 0.213552 0.861055 0.241639 0.863236 0.268087 0.868764 0.296175 0.880836 0.307760 0.892945 0.325902 0.905055 0.355683 0.917127 0.375519 0.931455 0.392022 0.965527 0.393661 0.995236 0.382131 1.000000 0.381093 1.000000 0.000000
7 0.593782 0.292842 0.618000 0.281311 0.642182 0.269727 0.669673 0.266393 0.690582 0.254863 0.716982 0.264754 0.747782 0.264754 0.777455 0.274699 0.795055 0.256503 0.814873 0.259781 0.834655 0.274699 0.851164 0.268087 0.863236 0.276339 0.876436 0.314372 0.889636 0.334153 0.896255 0.368907 0.910545 0.396995 0.905055 0.423443 0.890727 0.441585 0.881964 0.459781 0.887455 0.492842 0.887455 0.524262 0.879745 0.568852 0.875345 0.600273 0.866545 0.643224 0.859964 0.689508 0.852255 0.730820 0.836836 0.752350 0.826945 0.767213 0.823673 0.788689 0.786255 0.801913 0.751055 0.795301 0.735673 0.780437 0.712582 0.783716 0.683964 0.747377 0.674073 0.720929 0.654291 0.707705 0.604800 0.674645 0.565200 0.664754 0.534400 0.663060 0.521200 0.653169 0.515709 0.623388 0.495891 0.611858 0.479418 0.590328 0.469527 0.557322 0.472800 0.514317 0.476109 0.484590 0.480509 0.459781 0.497018 0.441585 0.514618 0.410219 0.526691 0.380437 0.537709 0.360601 0.550909 0.344098 0.554182 0.324262 0.576182 0.317650 0.581709 0.299454
7 0.521200 0.659781 0.539891 0.659781 0.567382 0.664754 0.588291 0.666393 0.613600 0.676284 0.630073 0.691148 0.647673 0.704372 0.663091 0.715956 0.678473 0.734153 0.687273 0.757268 0.703782 0.773825 0.715891 0.782077 0.733455 0.782077 0.746655 0.800273 0.760982 0.821749 0.774145 0.838251 0.787345 0.859727 0.787345 0.876284 0.792873 0.891148 0.800545 0.891148 0.814873 0.914317 0.818145 0.939071 0.821455 0.970492 0.823091 1.000000 0.469236 1.000000 0.465127 0.972131 0.457418 0.919235 0.454109 0.879563 0.457418 0.858087 0.469527 0.851475 0.467309 0.828361 0.460727 0.806885 0.456327 0.770492 0.462909 0.740765 0.468400 0.717596 0.480509 0.699454 0.486000 0.692842 0.499200 0.699454 0.511309 0.691148 0.513491 0.679617
7 0.885236 0.735792 0.903927 0.737432 0.931455 0.744044 0.958945 0.753989 1.000000 0.746448 1.000000 1.000000 0.823636 1.000000 0.820364 0.968852 0.820364 0.927541 0.811564 0.904372 0.807164 0.877923 0.810473 0.839945 0.821455 0.808525 0.825855 0.791967 0.830255 0.763880 0.845636 0.745738 0.857745 0.735792
7 0.861055 0.679617 0.880836 0.704372 0.903927 0.720929 0.922655 0.734153 0.952327 0.740765 1.000000 0.739399 1.000000 0.380055 0.968836 0.393661 0.939127 0.396995 0.918255 0.410219 0.905055 0.430055 0.883055 0.454809 0.885236 0.476339 0.887455 0.514317 0.884145 0.553989 0.881964 0.587049 0.872036 0.628361 0.868764 0.646557
7 0.204727 0.000000 0.211055 0.030055 0.219855 0.051585 0.229745 0.073060 0.233055 0.111038 0.234145 0.149071 0.227564 0.177158 0.233055 0.213552 0.229745 0.253169 0.227564 0.287923 0.213236 0.276339 0.201164 0.289563 0.178073 0.304426 0.167055 0.312678 0.153855 0.322623 0.124182 0.329235 0.098873 0.329235 0.072473 0.332514 0.053782 0.347377 0.030691 0.353989 0.022982 0.339126 0.000000 0.325956 0.000000 -0.000000
